药物暴露时间 (月)	286	255	270	119
均值（标准差）	8.6 (4.61)	8.7 (4.59)	8.6 (4.57)	6.8 (4.18)
中位数	9.3	9.4	9.3	5.8
最小值，最大值	0,22	0,22	0,22	1,16
药物暴露时间				
≤3月n (%)	40 (14.0)	35 (13.7)	37 (13.7)	28 (23.3)
3< - ≤6月n (%)	65 (22.7)	56 (22.0)	62 (23.0)	33 (27.5)
6< - ≤12月n (%)	111 (38.8)	102 (40.0)	106 (39.3)	42 (35.0)
12< - ≤18月n (%)	64 (22.4)	56 (22.0)	59 (21.9)	16 (13.3)
18< - ≤24月n (%)	6 (2.1)	6 (2.4)	6 (2.2)	0
实际剂量强度（mg/周期）	286	255	270	119
均值（标准差）	2833.4 (333.50)	2825.4 (307.94)	2853.1 (328.41)	3051.5 (148.80)
中位数	2930.5	2936.4	2942.4	3094.7
最小值，最大值	1202,3675	1202,3200	1202,3675	2386,3360
相对剂量强度（%）	286	255	270	119
均值（标准差）	90.0 (9.73)	89.7 (9.78)	89.7 (9.70)	96.9 (4.72)
中位数	93.3	93.2	93.2	98.2
最小值，最大值	38,102	38,102	38,102	76,107
发生剂量暂停的人数	247 (86.4)	224 (87.8)	236 (87.4)	31 (25.8)
发生永久停药的人数	120 (42.0)	106 (41.6)	110 (40.7)	76 (63.3)
